7014657
8494211
7382020
10060421
7362949
9135735
8236166
7282698
5925775
8510865
8510872
6894107
6894110
6827550
9563680
5966369
7485218
4331685
5506598
8435623
7905448
6099625
8276010
7237030
4009255
9753895
6935215
4331696
9836593
9501106
4331699
6808625
6808627
5419958
6538547
6454585
8615611
8866112
8428609
6309059
5482438
6323831
6022344
4849099
10132428
7442512
8885717
2448598
9487702
6689880
8430297
9879259
6913757
7783389
8242017
6226017
6886245
8334182
6284263
8050406
8695271
7703786
9184875
7924459
6595941
9710573
9640816
4427505
6041968
1764467
8491382
8028406
4642041