6123521
9123846
9945095
11071497
10242057
10831884
9842700
9291791
10543121
5306388
8947761
10760243
9668660
11071543
10541115
5836861
9668672
8247362
9082949
8671301
9035851
5621837
8419409
9631829
8282199
10786906
5589107
3991682
10274957
7522447
10313873
7280786
10432662
4882585
3285158
10977456
10948785
5144756
6318261
7721148
9207998
7203016
9842893
9842897
7336146
8984786
8452309
9842907
9068763
6457563
8853728
8319205
3862772
5777653
11102456
7416057
8530182
9742604
7721240
6414616
8335644
9869598
10690858
10406192
10940725
6727991
10400080
6504790
10418521
8569182
10789221
10705259
8006001
7235956
6834549
10705274
5362042
10318204
10406273
5550465
9484685
7821710
10625423
7428495
9593235
10406303
7014820
7610793
9810369
7029189
9875918
9875925
9112023
9525723
7983579
9294304
6246887
4530666
5069290
4895213
9992688
7567863
10619387
7893505
7662091
7109138
6629909
7658012
9708069
8456752
10287667
10881588
10267202
7119434
6707786
9437772
6335057
8905300
8012376
10834522
10312287
6279777
10789480
10631788
4694646
9579130
8528511
10089091
10914455
7869083
7953053
8782493
9890474
8114859
9491116
7381677
8127152
8260273
6445744
4981429
9636536
7613122
4831941
9933514
5542610
11100883
9900764
5434078
10996460
4682483
11186958
10214160
10853141
8930077
7162658
8612644
9120551
9685802
9120557
6347570
11195193
10769214
4508482
10232646
6861638
9759560
10163018
9007949
6789966
10857295
9599823
5981009
9057106
9491294
9548650
6130546
7175031
9886598
9552779
10206104
11195291
7218076
7762845
8612769
9980836
11021232
10996659
6214581
5915574
4094912
5786563
4860869
10996678
8356807
10326986
8631249
10795999
11215841
10902498
5561328
5884915
8578035
11039764
7005207
8526871
6472734
11181088
10312746
6663211
7779372
8580140
7803954
10333234
10312754
9663541
7935029
8764472
8764474
7414843
11160636
9249853
6829116
11142206
8250435
10372163
11220037
6138951
6909003
9878609
10044499
10390611
10312792
6153304
8719453
7191651
9614436
8453222
6978665
8035438
9915503
11089006
8557690
9522299
9772156
8357003
6444183
5932184
9976988
6370462
9829536
7328938
8053937
4574400
9399490
11171012
10802375
6618324
10155221
8801494
9106652
8920293
7324903
7859438
10114286
4560110
9932019
9452797
6929667
10497283
9936142
10730773
7372055
10114342
3812660
5799220
11142454
10925365
10827065
7304508
7425349
10515781
9151821
7591251
9704790
10730842
9264479
9389414
10104176
10630517
11185525
7069064
11025802
10896801
3790256
7814579
11042232
10802620
5606848
10776006
5895632
8635858
10542549
8279516
6581735
9291242
5285359
10659315
8193526
10847735
8996360
7984650
5428747
8996364
7927310
10247700
9997846
7462422
9844250
10120732
9977390
8119855
10751537
6411827
7673396
8093238
10071619
7609925
10888779
7267916
6491723
10354265
7814752
10028646
10028647
7741031
8883821
10473072
5459569
10634864
10964601
10872443
8410762
11064972
10366614
10245782
6536856
6215332
5154470
10733226
6110906
4730557
7182014
4349633
10933954
9815752
8564426
8761068
7771888
6239990
11187958
10690301
10884875
10991387
7872285
9629478
5152559
10889017
10913599
10612567
8036186
7792478
9305951
7530342
10114918
11145064
9617256
10829678
8804206
7913329
5328758
10602380
10942356
5166999
4290459
8011682
9971622
7229353
10713011
8081334
6969274
8560578
11071428
4964314
9949148
6492132
9019376
6373362
9947123
10358776
9992191