10436096
5228032
8193539
9185797
3566602
7581707
7555084
4531218
10392089
7523366
10545708
10326064
3187762
5066805
9622585
10813498
5996092
10336325
7992390
8519237
9676357
9552970
9826890
4404810
6965330
3898966
9853532
10014826
9389163
4107372
7573621
5554296
10295933
6344321
10636420
8341642
8393360
10774166
3430553
5064346
8449690
7348890
9816733
4838562
10203812
5436069
5933734
8144551
7412904
10646186
8776875
6978224
6728376
9441467
3561664
3547329
6517954
7943364
10827973
8699077
7203015
10620621
4656846
9373901
9808082
6822098
5317331
4499672
6405852
4872413
6055646
7674591
4010721
8281314
4271330
10109154
4354279
6287083
7933165
5554925
9795831
6969084
7469823
9304834
7643395
8717062
10731270
9581832
6331661
3888398
7925520
3322129
10025232
8386837
9751321
5153561
5953307
9339677
4950303
7355168
9581855
9062178
9581858
8390947
9540390
10063659
6327084
8481585
7530292
4762933
10074425
5434171
6921539
8421705
5434188
6473038
8379217
4183380
4804440
9599849
10392941
7851889
9639286
10580344
10251130
9207674
8196988
9203582
5891971
10876805
9911686
10859399
10318218
7078287
5281680
9005969
5127572
10755479
5243799
8559514
7859100
8003996
8410528
9852837
10318245
7857581
10147761
8984499
5103027
9723317
6847411
8245688
5647800
9892288
9556419
5258692
3695563
6326731
3903437
9112018
4007379
10615766
10332630
6939096
3797465
10403290
8463837
6025187
7749604
6440933
6581736
9263080
3878376
8413163
9573872
8193520
4217331
5390838
5383671
6183416
4159995
5759998