4669441
8343556
8343558
6135815
9553934
7555088
10119184
8577043
6238228
7573535
7573538
4585508
9232421
9261098
7229488
6232114
4780087
4974649
7548991
5374017
9293892
5478470
5460041
8093770
4640843
7772235
3819597
4933710
5079121
6965330
7772246
9652311
3485793
9265250
9980006
5890150
8026217
9549929
8933484
8853614
8599663
3319918
5554296
7712889
7272572
6987903
6441088
4511878
3469446
8599690
5238933
8233114
9107614
9998496
3328164
7829669
6289578
5179562
5517483
7063727
6727856
9636018
7076018
9207992
8413369
5030080
9062593
7524551
8519880
4301007
9578708
4901076
9842905
5736665
9636057
8853728
7831777
6465769
7082217
6488299
3428588
7567598
6191343
8526062
5972214
5841144
6029562
3729660
4806910
8118532
7108869
5589258
7721234
9713938
8290580
5191958
9812247
7328031
4038955
5695788
8982829
9132335
9247027
6373687
6134071
9949498
8278332
9949508
9748806
7668041
5425482
8966478
5294419
7004500
6803809
5390701
8927597
4139375
7235954
10133876
8677754
9877889
5052801
5390723
6318468
6416773
8636811
6203787
9472396
5726606
9798031
8960404
8376727
6734233
10086811
7098781
7555491
6220196
5562789
4624809
6697392
9755062
9019834
8350144
7381442
10066371
5683652
8772037
7029189
6326730
6326731
6291929
8823258
7012825
4696540
9329118
6029793
7956962
8569315
5315053
9941500
6453760
7893505
9941507
7260676
6783491
7977480
7866892
6599188
9132576
5964320
6007330
9054752
8847908
6488610
10158631
9306664
8249901
10123826
3365443
9636420
9327177
7836236
3582543
5458514
4913747
10203735
9529948
4727390
5683807
4815465
7033450
5040752
5335674
9579133
10089086
4305536
5966466
10089092
4819592
9982604
10089103
10089104
3500691
5335699
10074773
7518868
8491677
10203807
7705248
4756129
5724834
5972641
10203812
5933734
8247976
4907690
9937579
9958059
6777517
5520049
8127154
8127153
6372020
10035891
6736566
4958903
9581239
8202937
4625081
6820536
9640636
6437560
8334010
6865599
5597888
9312968
8225483
7856857
9743066
8600283
8102620
9968350
6906591
7674591
4750053
3703526
3982053
6892264
3416807
4010726
9421544
7733996
3392237
9433847
9140984
7969530
3805951
3730178
9988878
10214160
6914836
6898452
5892884
7525143
4373276
8651549
7355168
4422440
9098029
6347569
4373299
7990071
5153599
8971077
7058252
9259855
8688465
7547734
6589271
8715096
7666520
7430999
9491294
3146590
5141344
9491297
8559457
8829795
6861668
7682917
8473444
8960876
5561198
7422831
5962606
3474291
9290618
8844158
5149566
8035200
7680896
9878402
9886598
8160140
8629133
6656917
4141974
8893340
6917023
3384225
6917026
10195875
9126820
5589926
9323432
4819886
9085871
9313198
6847411
8074167
8385466
6544318
5575614
8405953
8018883
8829892
3775427
6497227
9120726
4285399
3167196
8287207
5075944
6001642
9169899
9296880
5635056
4017139
8578035
6214650
8016892
7502845
9245701
7463942
9708554
6597644
8168467
6220822
9989143
8567832
7851038
7164961
5964834
8872997
9880614
7779368
6943787
9878579
8115252
3527735
8764473
9817147
7935036
8764475
7242814
7232576
6204482
6204484
7472201
6909003
6736972
9878609
9653334
8354902
8113248
4308069
6599782
6345832
5102698
9376875
9663596
4220010
5801068
9915503
6855798
4373624
9923707
7394427
5035136
5725313
7543938
8936590
3857551
9618576
8674455
9374881
5694626
5837991
9374892
9381036
9653422
6096051
4488375
7978175
5344449
8520903
5680329
8568011
9340110
8754385
4283602
8754387
8983765
7994581
7752922
5139675
3261661
8670431
5491935
4379872
9360611
8119524
6737126
7781614
8387828
7443705
3679482
4076796
5717247
5797124
4658437
4015368
7689481
6980880
9188625
6892816
4635921
9671957
3532057
6065434
4234525
6325533
4648228
4259110
6749480
9010475
7083311
6077743
10016052
8914233
9276732
4830528
4474177
8803650
4474178
5815621
9442633
9098570
9704778
6298954
8238413
9448791
9704792
6368605
8195422
4707679
5969252
9424229
7368037
7759208
6530419
9639286
5987702
10190201
5823866
4392315
8830329
5008767
8635782
4390279
5082524
5635486
4402596
5838245
7499173
4302248
8345001
8865194
9164207
9686448
8410543
4974004
6002103
5952957
7353792
5434820
9582022
10024392
8261065
6383050
8617418
10104268
3366349
6895053
5062094
5895632
7509458
5750227
4382171
5854683
8463837
9520606
6882781
5823968
9280993
8046048
4681187
4009443
8881637
10055141
8076775
10110441
5588458
8596971
10110446
7089650
6565363
4767220
5836276
7978486
5383672
8187392
6460937
9381385
9723406
3626511
6147600
5768727
9678359
6458907
5789212
8388127
5815845
5758503
6786602
9276970
7392810
9977390
6258225
7683633
4107834
6405692
5776958
9528896
5813825
8814144
6192705
7022153
6057546
7601741
5314125
5314129
6415955
8132184
3667546
7284321
8803939
9870947
4245093
3485285
9188968
7888488
7923310
7016046
10153583
7663221
9451129
5545597
9117309
7528067
8064646
5840520
9451146
5901964
6563468
10055317
8500886
6856353
3882658
8578723
7929509
7270054
7268007
4740778
7511724
7116462
7012016
9326261
9424568
6022844
4869822
5709503
3864256
9090758
6405831
7302856
7016138
5592780
5406417
8683224
9934556
7268061
7268065
9357028
7749349
8257252
8761068
10174197
9244405
9651959
5865205
4151034
7775995
9432827
7775997
9398015
8937216
7505665
7536385
8980225
5416709
8163078
6917897
5082893
7982864
5922579
4861722
8935194
4927261
9582371
4476709
9365289
9506608
5863218
8222514
7419701
7884604
8720190
7771969
9537350
5973831
9334601
7511882
7075658
8152905
6838089
5347156
6969178
6176604
7104351
8288096
3792742
10028904
6965097
4890474
9758575
5328751
4585332
5724021
5629813
6911862
9981816
8871801
5187454
3547007
5629827
7057284
5805955
10205072
8087442
8597395
5166999
8519575
9834394
8939425
8730533
10088358
7264165
6389674
6969259
6158250
9934762
6987694
5459890
6606776
3411898
4556735
7811009
8353731
8615877
7221195
8749005
7010254
6707151
8558548
8933333
7303126
7053268
4063192
6969314
8376297
7657450
9666540
8921068
6606830
6373362
3665907
6987763
6369267
6168565
6084599
4960248
7512058
3676157
6864894