5429248
5387779
6177285
7046150
6558215
6097936
7275517
5415444
7342100
6120475
5573660
6177312
5773345
5104674
5321762
5346346
6312494
4982833
5086261
6857782
5030462
6841919
5432384
6561344
5183556
5515845
5860934
5438026
5837898
7147595
5862477
7097849
5548624
5249106
5157971
4820052
5766228
6842450
5833305
6362203
7428193
6559844
4910186
5814383
7301231
5321841
5378673
6392437
5650551
5285502
7036030
5700743
5685899
4840078
6030991
6258321
5650579
6610070
6677147
6610077
5876382
5425311
6169251
6215331
7195812
5144743
5361832
5913255
4986538
5764781
6610093
6728879
6886576
5749425
5131954
6130867
5008052
6537905
6128822
6150844
6905532
7268030
4960447
6937793
5288131
6289604
6606021
6377670
5889735
5793999
7270610
5865171
6551253
5826774
7098584
4917471
6154975
6906079
6906591
4912868
5416677
5773029
5231336
5648105
5960433
5626611
6704377
5648637
6029565
6444286
5651208
5347082
5545742
5675790
6612476
6481181
6412072
6148405
5420342
5420345
5495611
6010171
6136124
5842752
5984577
5147458
6104387
6889793
5763911
5838154
5133646
6139220
7171928
5399898
6155100
5684581
5129576
5237618
5724021
6291829
6192505
5310843
6119292
6447492
7057285
6045574
5153672
5751689
5931403
5548432
6641556
6289814
6581147
6677917
4990879
5179295
4932513
6491039
7369635
5423526
6500777
5899692
5745069
6105009
6560182
5344702
7060928
6377933
6341072
5454802
5874131
6197719
5012952
5530585
5768152
5789151
7044576
4935649
5554148
5282790
6205927
5037039
5625840
7064048
6413302
5392377
5721596
6031869