10436096
5228032
8193539
9185797
8572938
3566602
7555084
7581707
8153104
4531218
10165272
10392089
7523366
10545708
10326064
3187762
8938548
5066805
9622585
10813498
5996092
10336325
7992390
8519237
9676357
9826890
9552970
10660940
4404810
5887562
6965330
10417748
3898966
5347927
9853532
8675422
6267999
10228832
5818469
10014826
9389163
4107372
10434676
7573621
5554296
4165754
10295933
9567359
6344321
10636420
5888645
7932040
8341642
8393360
10774166
9603735
3430553
7348890
8449690
5064346
9816733
6461601
4838562
10203812
5436069
5933734
8144551
7412904
5954214
10646186
8776875
8388266
6978224
2759345
8671925
6728376
9441467
3726528
3547329
6517954
9014979
7943364
10827973
3561664
7203015
8699077
10620621
4656846
9373901
6262989
6822098
5317331
9808082
8192216
4499672
6405852
4872413
6055646
7674591
4010721
4271330
6817507
8281314
10109154
4354279
6287083
7933165
10559726
8513263
10605807
5554925
9001715
9795831
9433847
7970041
6969084
7469823
10408192
9304834
7643395
6771970
8717062
10731270
9581832
7234314
7786252
6331661
3888398
10025232
3322129
7925520
8386837
9751321
5153561
5953307
10596124
9339677
4950303
7355168
9581855
9062178
9581858
8390947
8136997
9540390
10063659
6327084
8481585
4324146
7493939
7530292
4762933
10074425
5434171
6921539
8421705
10434379
5434188
6473038
8379217
8859985
4183380
5347156
4804440
10683738
7269728
10287969
9599849
10392941
7851889
6007154
9639286
10580344
9207674
10251130
8196988
9203582
10360195
5891971
10876805
9911686
10859399
10318218
7428490
7078287
5281680
9005969
7982484
5127572
5243799
10755479
7234455
8559514
7859100
8003996
8410528
10318245
9852837
2233772
7857581
5129649
10147761
5103027
9832372
9723317
7713205
8984499
5647800
8245688
5951926
6847411
9976764
9892288
9556419
5258692
10082247
6326731
3695563
3903437
9112018
4007379
10615766
10332630
6939096
3797465
10403290
5887962
8463837
4160993
6025187
7749604
6440933
9263080
6581736
8287208
8413163
6942187
10595821
3878376
8193520
9573872
4217331
5390838
5383671
6183416
4159995
5759998