10028637
10031743
10129386
10147761
10318245
10458690
10597625
10615837
10634720
10637045
10641579
10656574
10791126
10990450
11063816
11078806
2241626
2686646
3078751
3445793
3555187
3825257
4110030
4115625
4179768
4374765
4386762
4398371
4440210
4488375
4517759
4526228
4530666
4547715
4914983
5090046
5243799
5324609
5404760
5552726
5607552
5662181
5662713
5716095
5776089
5895040
5973829
6024199
6037859
6102316
6137311
6175904
6200838
6219793
6303343
6331309
6344321
6382839
6391069
6397754
6411911
6463125
6699247
6715348
6821801
6831914
6847532
6969196
6969350
6970153
6981017
7018765
7235961
7377905
7426775
7562935
7582181
7649291
7689031
7836234
7859438
7913329
8104963
8107785
8318202
8342928
8421705
8443248
8564184
8597975
8764488
8857499
8927597
8975992
9148994
9189080
9202476
9261172
9308012
9454014
9729227
9837608
9910278
9949505