166149
2638742
2440815
2440351
2582961
2654525
2712682
2729391
2772079
2944687
2999982
2996305
3045438
3106359
3208209
3277937
3278706
3310813
3311835
3483466
3350069
3349303
3366978
3381625
3417167
3459004
3980797
3610017
3631111
3610836
3608908
3609767
3641096
3647144
3847124
3817078
3815348
3818244
3818257
4192134
4494022
3930099
3930113
3930118
3946624
3994419
3989203
4041563
4050105
4153812
4055190
4055191
4585491
4106848
4585522
4247279
4438540
4321660
4333285
4350090
4352055
4383593
4377493
4376120
4631149
4436141
4470923
4471202
4908160
4543582
4737127
4661275
4663274
4687299
4740953
4752128
4745181
5408054
4961023
5018326
5031470
5078804
5094780
5390398
5216367
5225733
5373110
5318420
5347082
5350153
5509841
5487342
5519538
5537409
5537408
5540826
5542421
5579021
5579001
5578968
2034576
2544456
2603585
2607027
2820702
2820701
2733194
3020586
2988799
2994755
3022587
3110306
3102242
3199544
3196491
3217963
3217964
3398766
3381866
3315099
3313953
3643717
3394200
3511796
3480469
3977621
3620530
3623818
3653128
3651087
3705175
3696724
3701866
3701233
3703531
3752460
3753572
3759853
3789941
4183380
3850238
3871398
3871382
3970014
3980106
4008581
4022515
4032890
4035602
4061874
4061884
5376052
4109700
4104834
4215519
4215530
4215464
4215460
4215471
4215400
4218937
4237131
4318496
4673558
4349185
4396619
4379694
4595523
4488594
4513292
4691408
4632075
4625212
4633838
4668874
4731574
4856878
4785374
4805536
4936600
5015972
5390737
5040726
5090005
5341493
5169068
5167742
5319953
4936632
5322339
5313525
5415819
5359252
5459425
5581488
5471583
5478859
5516603
5554572
5562714
2637604
2241626
2244806
2777261
2596101
2803734
2837089
2837745
2837380
2887490
2877905
2947936
2990457
3013131
3025155
3026801
3278319
3126799
3140495
3173374
3213127
3252366
3316621
3459703
3446994
3445610
3448611
3445573
3556569
3557415
3555868
4128702
3648477
3669058
3751506
3751515
3748321
3760799
3787329
3814952
3815020
3814956
3830070
3830058
3828508
3868173
3868176
3894920
3904110
3898596
3985424
3967532
3967534
4034704
4033195
4035756
4107942
4123716
4148258
4150124
4139958
4138937
4153045
4224410
4382275
4416052
4446290
4465937
4468110
4472024
4816805
4768083
4531323
4532928
4556960
4772823
4677987
4638337
4658035
5068584
4729321
4736480
4707189
4754765
4906710
4961240
4976854
5041055
5407357
5053033
5082970
5192246
5200917
5222957
5299393
5516169
5428464
5472113
5447932
5402183
2257999
2705703
3213530
3315004
3309518
3837187
3798761
3805980
3806228
3807048
3805688
3775752
3825257
3771919
3772006
3730190
3683048
3682993
3667577
4061064
3621767
4098021
3590462
4160172
3485317
4247966
3446947
3447931
4309880
3454420
3407127
4366046
4354285
4440210
3404989
3404976
4480007
3373207
4536089
3346725
3250074
4530666
4533249
3182200
3182987
2991198
2569821
2677650
4758068
3836281
4941243
3905352
3905356
3927705
4824756
4876207
3965474
4121088
4048172
4076213
4149038
4448023
4905944
4913091
4913088
4905965
4908139
4248329
4263533
4682464
4352081
4446895
5309400
5337483
5433301
5519515
4466596
4488375
4490246
4691372
4550788
4550786
4607368
4767215
4755012
4806909
4806910
4823302
4897690
6987719
4888525
4887503
4889611
4890597
5072594
5109935
5225377
5226806
5267588
4795711
1800344
3261380
2638745
2525845
2518618
2693620
2643328
2585476
2695858
3221036
2756584
2820380
3190201
3002396
3090571
3098368
3083509
3042380
3176913
3108983
3135869
3169601
3258233
3322129
3320628
3328778
3373504
3373527
3368848
3395705
3309546
3309557
3447818
3590451
3509118
3510214
3509121
3510234
3889700
3734351
3661727
3668437
3672100
3686683
3695981
3799008
3858318
3841982
3893192
3893296
3893263
3950074
3958452
4537426
4234378
4032577
4061791
4210250
4281542
4319851
4402020
4402026
5006857
4366233
4366107
4350403
4356847
4427352
4430458
4514841
4606802
4678893
4686319
4749380
4814794
4806293
5953411
5099497
4958897
4907975
5091684
4975394
4980767
5000576
5117589
5108928
5148219
5351631
5241989
5256627
5418320
5318365
5322448
5359195
5389622
5436813
5538346
6987884
5587688
5572336
2151069
2217520
2697314
2666800
2515912
2568825
2568959
2525985
2525984
2913324
2806951
2759373
2882823
2846311
2783440
2784679
2824708
2919410
2950859
2950159
3057942
3049247
3130679
3227856
3261851
3217668
3400031
3391196
3309492
3502466
3502502
3502445
3504100
3948491
3538769
4014180
3599917
3667190
3666968
3716940
3688684
3724923
3884128
3782473
3781163
3942310
3949688
3961291
4019529
4030253
4020302
4131910
4134311
4153588
4175730
4854607
4189334
4186480
4250191
4249829
4353560
4271330
4327308
4672713
4781893
4692093
4407577
4406072
4430209
4545680
4566935
4506986
4506990
4589806
4649361
5167221
4684365
4738255
4724692
4956384
4833895
4903142
4913931
4919650
4989445
4983635
5066832
5272890
5064334
5064341
5064346
5108767
5157986
5233672
5431219
5470568
5470569
5506019
5529377
5585191
2950843
3052361
3174812
3195690
3250458
3262818
3262831
3446867
3492343
3492494
3536813
3557158
3602090
3688940
4014181
3549920
3519473
3523259
3514181
3511386
3503984
3494684
3477078
3991864
4048154
3387168
3739917
3303838
4076184
3267031
3195691
2982745
2742668
2749857
2715420
2699543
4585517
2743811
4416282
4370559
4422438
4422669
4470300
2584040
2518922
6989835
2515325
3726528
3721022
3783488
3840299
3838991
5082531
3851159
4820052
3906535
4679864
3862486
3871502
3869681
4785273
4055615
4055001
4053214
4107374
4995017
4999060
4107372
5091745
4157554
4184667
5326798
4221616
4211402
5474460
4211386
4306523
4458840
4460129
4512033
4555067
4556736
4686003
4608360
4696812
4743418
4758058
4792397
4915335
4858518
4855531
4912074
5003884
5275766
5121155
5395570
5433384
4477106
4481508
5678287
2724104
2633349
2638013
2769546
2769551
2829029
2831710
3041008
2950744
3008748
3113799
3388894
3242169
3237491
3280593
3323585
3341391
3778887
3386961
3445813
3428803
3428804
3467966
3492266
3492182
3515559
3520962
3520927
3522585
3522643
3547946
3563087
3579187
3608942
3605341
3712893
3741555
3775427
3774999
3770910
3775540
3852523
3855765
3855767
3933715
3936467
3933564
3960024
3950546
4026540
4131867
4330550
4300003
4297883
4297882
4324146
4370557
4373917
4418763
4418835
4483156
4460034
4459168
4477935
4500585
4519547
4900504
4584065
5057312
4625557
4647500
4804345
4835129
4873656
4923118
4923193
4925679
4923151
4959733
4940400
5155664
5465825
5215289
5312947
5310170
5413835
6987789
5472149
5460054
5472110
5472159
5460049
5490681
5460055
5490682
5490670
5409184
5462779
5591329
5591400
2453130
2665153
2748718
2901016
2805429
2825260
2877799
2993660
3116731
3033899
3062602
3354331
3356348
3352092
3362743
3360699
3423412
3434213
3515589
3534686
3534702
3534624
3538283
3540048
3559645
3598707
3598753
3715518
3706617
3709912
4330553
3903437
3937393
4316185
4075342
3981758
4075343
3981713
4019508
4019564
4076230
4132649
4128667
4131876
4332542
4165900
4183523
4220120
4300211
4334979
4715124
4370729
4376798
4441258
4627358
4465482
4582069
4520539
4696540
4557829
4838562
4624365
4640353
4646462
4633483
4728050
4982083
4714646
4714641
4783046
4803189
4863521
4834945
4842931
4871416
5082524
4893013
4939358
4950574
4968823
4971060
4971080
5953410
5088411
5129700
5153561
5153555
5153599
5153603
5317178
5223054
5545730
5270359
5460053
5460048
5378760
5423613
5443910
5548834
5559812
2665159
3072382
3171065
3244758
3285156
3500461
3500464
3619143
3644676
3692521
3692444
3692468
3625914
4024664
3613798
3818535
3558499
3559478
3547007
3527573
3528678
3946345
4011948
3796073
4016310
4019522
3376727
4266292
3593579
3174219
3175755
3311856
4178298
4383651
4312831
4306101
4782783
3118477
3099099
4351830
4425548
4459220
4692314
3324571
4546237
3062100
4609410
3060701
3031025
2794541
2683943
4649056
4658414
3728072
3631252
3631241
3626071
4855951
3797465
4737015
3865029
3866129
4773017
4872444
5103175
4890427
3905226
5065224
3914938
3914963
5309571
5427895
5428331
4010762
5518297
4051855
4117995
4132267
4410787
4179761
4950303
4348517
4534425
4619344
4689787
4683540
4683193
4707362
4769706
4773075
4993791
5067102
5225658
4692512
4589842
4589845
4596928
4656846
5370516
5459904
2386151
2525446
3225607
3285192
3862268
3543395
3569607
3573002
3605420
3608539
3605370
4221218
3806767
2948427
3988837
3672681
3990690
3668141
4585486
4153805
4077017
4149208
3634812
3622132
3632493
3543360
3498892
3499771
5006878
3500241
4461309
3105023
2625333
2517104
4500611
1373642
3695040
3554651
5097115
3025354
5068756
3995740
3832369
5066805
3997501
4114183
4967793
4793190
4112936
4847934
4841392
4154887
4309950
4914983
4959711
4534487
2685920
3909015
4990413
4175071
3324153
4728009
5503292
4635920
4698722
4786208
4814138
5406999
5012952
5423362
5422531
5422526
5457446
4229501
4619796
5555664
2928271
4517841
3206847
5345975
4969269
4969259
5390840
4761650
5385591
4062281
5390838
4583545
4868964
5266856
2822636
4978833
4446369
5417348
5527158
5535744
5172249
4230164
4389056
5138827
2644454
2144768
2648877
2377337
2491899
2569811
2572192
2622763
2816724
2876881
2938977
2958830
3102186
3282900
3381445
3466291
3462766
3462752
3466188
3466236
3659193
3636085
3640070
3639275
3639895
3730055
4010969
4379998
3827248
3852233
3866656
3867969
3877131
3871967
3872043
3885571
3885678
3887023
3905223
3898910
3912127
3958698
4017157
4083828
4078911
4086203
4085720
4086365
4141983
4141974
4585499
4182029
4182437
4159995
4160952
4176038
4174036
4280551
4582804
4260677
4816784
4338815
4359126
4461307
4358847
4414585
4414648
5008218
4487721
4496864
4517759
4521505
4558049
4650987
4859836
4692511
4624866
4685521
4725371
4736129
4810460
4872123
4863427
4872468
4890016
5028003
4933876
5040199
5314122
5131454
5178348
5337373
5428665
5431892
5412091
5427072
5503260
5516734
6078711
5589232
1574332
2651199
3480647
2755766
2494616
2561002
2582437
2577943
2585816
2646655
2774401
3398390
2816174
2951846
2850579
2856674
2903191
2943931
2943904
2944888
3026336
3069547
3076433
3111446
3110973
3143719
3141010
3272002
3272045
3326258
3593578
3351439
3381220
3436669
3591747
3629025
3629065
3662879
3783899
3749202
3756065
3758284
3765269
3895245
3867357
3868580
3868704
3869981
3896435
3900530
4282459
3932519
3956891
3984447
3984443
3984441
3984446
4289457
4205092
4222943
4263140
4582802
4255056
4266850
6989778
4299532
4299407
4301016
4345335
4347451
4397013
4429366
4469651
4522675
4524585
4556707
4556667
4739511
4794878
4669532
4780087
5141961
5002985
5065955
5114555
5121604
5115684
5390724
5256178
5256185
5406467
5445372
5485378
5500565
5500479
5501884
5516618
5550713
5552678
5552726
2637603
1762366
2706325
2536698
2478709
2527524
2758685
2695008
3110429
2923156
3116801
3139835
3174823
3306575
3213017
3204998
3267983
3229557
3624952
3365275
3332056
3379986
3382122
3506436
3501969
3498279
3498331
3498928
3629389
3582997
3613753
3614508
3616056
3631704
3635018
3654219
4330549
3688578
3750036
3749113
3759470
3759008
3764478
3764021
3765321
3769349
3769261
3769296
4379999
3797968
3797815
3991848
3951481
3897742
3951306
3968753
4047618
4228502
6987881
4410791
4270311
4438550
4368728
4372006
4513220
4490615
4650644
5414075
4586926
4681091
4646674
4683460
4781865
4786547
4832139
4872364
4882152
5116051
4913992
4913973
5113676
5017636
5107911
5118811
5114586
5207728
5333782
5216875
5216041
5358393
5416677
5328751
5428836
5396873
5396975
5397062
5407639
5418232
5530585
5539178
1291397
2758676
2901017
2901020
2779097
2828549
2978238
3059891
3125527
3125248
3130765
3807605
3643713
3344823
3344851
3344896
3343293
3345361
3416700
3384227
3430553
3384885
3412736
3443433
3402516
3474750
3795450
3547329
3546317
3722356
3744007
3779225
3779167
3794035
3757718
3777679
3778258
3777837
3777763
3777786
3777779
3777787
3777717
3777780
3791276
3791283
3807502
3791293
4209722
3860184
3921228
3941612
3948954
3948722
4266288
4058899
4105563
4237877
4264953
4172871
4186833
4190580
4415908
4374450
4395363
4431841
4431729
4451850
5033031
4587539
4506083
4540566
4793124
4581560
4625848
4610202
4705486
4731490
4841538
4902194
4919533
5075341
4938209
5264416
4990879
5077078
5080342
5103101
5131954
5228032
5269715
5294576
5317331
5317330
5597864
5432174
5429234
5429245
5496109
5556089
2705699
2963756
3120660
3338463
3458074
3587882
3590274
3607151
3446246
3410629
3384259
3744508
3384234
3384263
3338067
3810472
3253105
3836272
3901730
3963848
3251569
3253091
4175221
3223201
3223398
3388891
4338545
4949632
4307824
3128082
4364721
3009480
2887372
2887789
2805712
4454696
2820708
2803733
4495981
4496065
2693664
4502353
4547759
4547715
1855433
3655975
3702998
4689287
4689284
4683429
4683457
3489817
4779536
3489813
3699486
4838249
4838301
4951481
4410789
5315543
3784977
3788350
3792552
3837007
5145909
4336557
4585497
4236576
5473647
4214356
4360235
4332494
4393246
5565076
4393019
4466042
4431742
4534492
5008173
4676166
4771748
4801860
4796013
4974943
5083948
5256125
5314109
5126868
5276995
5490684
5472613
5487515
5536366
5540394
4515634
4918729
4672877
5517483
5554004
5574908
2583150
3744058
2734077
2780828
3059884
2993720
3221044
3458812
3928999
3711903
3658698
3590224
3898942
4014092
3506550
3804471
3506600
3920770
3853351
3903774
3888372
3948885
3960105
3384221
3356373
3260843
3391678
3146521
3155705
3141109
3002291
2860504
4270260
2680057
2671164
2680974
4285193
2583153
4324997
2327213
2706324
5032987
4512184
4526683
3741391
4565057
4568341
4561342
4561672
4561903
4568337
4585217
3969513
3931746
3776934
3788711
3796455
3804629
4779507
3799631
5070053
3916321
3985019
4902244
4901075
5042060
4026698
4029023
4017150
4080316
5354342
5264403
5404398
4042186
4040507
5493837
4052338
4256062
4270393
4265725
4197644
4274095
4526587
4356951
4641924
4720749
4717323
4740758
4741001
5064618
4854410
4961020
5334427
4968669
5037100
5046116
5050502
5476347
4573963
5449125
1824707
2233815
2233772
2695154
2852508
3023086
2885301
3041013
2936906
2935390
2955413
2955419
2952336
3116739
3084809
3084768
3178476
3161094
3178514
3255994
3682439
3302835
3317669
3324921
3464709
3524457
3582543
3476497
3899022
3606142
3600174
3932086
3668994
3657626
3656341
3734141
3742334
4190683
3842312
4494028
4494027
3943846
3944404
3976406
3967629
4537432
4017227
4047091
4046318
4102486
4107490
4096999
4121234
4169531
4317194
4303944
4227571
4226146
4276016
4349632
4324766
4452886
4452897
4681551
4512680
4512714
4512728
4627361
4564562
4536207
4560823
4564220
4585012
4585243
4906155
4723992
4790904
4798403
4898929
5070048
4873218
4888196
5090046
5029841
5025431
5025455
5096754
5095979
5095112
5101630
5135476
5120113
5561271
5271317
5371620
5339238
5416694
5416713
5565317
5603581
1963318
2040199
2267490
2792194
2691152
2935969
2789405
3094760
3055867
3055886
3229979
3098858
3465779
3359800
3319907
3318226
3483694
3657140
3426465
3402450
3425477
3425483
3432050
3430664
3480648
3586479
3734350
3669919
3707182
3946492
3792358
3877773
3888397
3888393
3888398
4029608
4255751
4007017
4053467
4072722
4077566
4080327
4141721
4410794
4196473
4210608
4301658
4263085
4372361
4377649
4375735
4375638
4453277
4458689
4458688
4459088
4473821
4474284
4473263
4474411
4486123
4492789
4491091
4517518
4517522
4669302
4704505
4657106
4729319
4789131
4838102
4706123
4763436
4735663
4831124
4838821
5070055
4911044
4938958
4960610
4970564
5008055
5008046
5065042
5073133
5243799
5292421
5309221
5358467
5446324
5446325
5371677
5553850
5434179
5434188
5434195
5440725
5440465
5504124
5589926
2905610
3116735
3078751
3677092
3411427
3401202
3404037
3729599
3729837
4259281
3756987
4073651
3928251
3999100
4720723
4200220
4219727
4271605
4273625
4325335
4322727
4337114
4390406
4184784
4184873
4536227
4057077
5066914
4780430
3905188
4604759
3747149
3773673
3582635
3584052
4608626
3539860
3690477
3370998
3221473
3221399
3183829
3266503
4905637
4932112
3152719
5215384
5139983
3160552
5020046
3221051
3000565
2248604
3261381
5113059
4401664
5116552
4378329
4386762
4510264
4511287
5231350
4635922
5266295
4630252
4586270
5318354
4588113
5374197
4586278
4588123
4720218
4614048
4681926
4700495
4710946
5069650
6988598
4992723
5005953
5074002
5097818
5324609
5166998
5167006
5167004
5231336
5257188
5256670
5353703
5404760
5548820
5423966
5541072
5595864
5595783
5595885
5102646
5102650
5124953
2640483
2536699
2667181
2736621
2858659
2889713
3018423
3169658
3147157
3234284
3236756
3280262
3281860
4471632
3362560
3378082
3361017
3377684
3427542
3425580
3420547
3430867
3487908
3541073
3566602
3757311
3628360
3689691
3786613
3728237
3747049
3747082
3798923
3790692
3830782
3922109
3913832
3912518
3912430
3913830
3946483
3979724
3995962
4006821
4018287
4121089
4049811
4265283
4216410
4182721
4086366
4107379
4113975
4436102
4238753
4240192
4261631
4353194
4335563
4331395
4332461
4401774
4441475
4477192
4477185
4544853
4753593
4815465
4573090
4769636
4595771
4599046
4754830
4738472
4697303
4673311
4674569
4667012
4701928
4700263
4703716
4706972
4764327
4814690
4832096
4832089
4849453
6987717
4974501
4975911
5323110
5012579
4999591
5041526
5407349
5101482
5112264
5373826
5563353
5593184
2295259
2911396
3244442
3316876
3418609
3422286
3422320
3549493
3655213
3602016
3898984
3913833
3549497
3498108
3565817
3432259
3969367
3979738
3429427
4114426
3427359
3427333
3313548
3296742
3359281
3275550
3274744
4272298
4432080
3554878
3189203
2923563
2904211
2728908
4441506
2701679
2743772
2697279
2647336
5049624
2643476
4610767
4834462
2570483
4834229
4061265
3709002
3935386
3934307
4872412
4872413
3954845
3983486
4128219
4253669
5012606
5244672
4144342
4163434
5171814
5279909
5279905
5279692
4182761
4182760
4204386
4670482
4340964
5413198
4433098
5474717
5509143
5516034
4397440
6987861
4744695
4459270
4459041
4519303
4515536
4838085
4830618
4830528
4835785
4849422
4828456
4828428
5036507
5100555
5133650
5541082
5361087
5349082
5348631
5394595
5550544
5515815
4700985
4805088
5561091
535816
1564031
2885494
2866664
2877098
2876035
2876036
2941677
3014110
3000328
3146896
3334814
3422311
3499497
3577822
3603861
3603994
3653828
3653868
3656906
3680713
4007379
3818578
3923398
3923150
3930859
3928548
4053633
4139362
4203817
4349631
4301911
4834768
4635918
4692319
4703613
4927925
4576412
4667761
4758827
4698540
4760755
4912932
4969546
5013133
5030332
5030331
5030369
5037197
5315540
5397581
6987860
5506482
5575270
