7555072
8572938
7581707
7555084
8153104
6295569
7745554
6969369
10135601
5066805
4780087
4585529
8292427
6965330
9826389
8097883
8675422
10014826
6987884
7573621
5554296
4165754
9480314
7932040
8341642
4036749
4440210
1800344
3430553
7600285
6461601
5308585
6838447
8519858
4516020
9207992
9441467
8278205
3561664
3547329
8534214
7203015
10096841
9373901
6262989
9808082
6822098
8192216
4499672
4872413
10109154
8354020
7375078
7983335
4354279
5724396
9189613
9795831
6029562
3508475
4477185
7643395
10092805
7375114
5312783
10025232
3322129
6560017
8386837
4950303
7328031
8390947
8136997
5695788
7493939
7815476
10074425
8421705
3608908
4718938
7342432
8626533
8239466
6007154
3723634
4018561
5052801
7428490
7078287
8376727
6562202
8003996
4241821
4346273
4624809
7778730
3500464
6771121
7713205
5951926
8245688
9892288
9556419
5683652
6326731
9112018
6939096
3797465
7012825
6326747
4217331
5390838
6183416
4159995
9185797
7866892
10097165
9054752
9112098
7234099
4612670
8055358
9826890
7234122
3582543
5347927
9853532
4706919
6201967
10295933
9706110
9579133
5888645
8393360
6324880
9603735
7348890
9816733
9468576
10203812
5436069
5933734
5954214
6978224
2759345
6728376
8202937
8592061
4782783
9712324
4428493
5317331
7469782
6220503
7674591
4010721
3982053
4696812
5554925
6343409
9001715
9433847
7469823
9304834
8717062
7234314
8819471
10068756
9751321
5153561
9339677
7355168
9540390
6327084
8790831
8481585
4324146
8721204
9489206
7990071
5434171
6361931
5434188
7695184
8379217
9823057
8715096
4832089
7058267
4475740
10287969
6861668
6906725
9599849
3984235
10251130
8196988
9878402
3386248
9616264
4066186
4633483
9005969
7234455
5243799
8559514
7859100
6650780
6912928
3144613
6847411
9976764
3775427
9909190
3695563
8287208
4905965
6960120
5759998
3566602
4531212
7234577
4531218
8342546
5884954
7523366
6444080
3187762
8938548
8145974
9215030
9622585
8764475
7992390
5033031
7472201
9552970
5573709
8688720
6267999
10228832
6278242
9886826
4107372
7394427
9260156
9923707
9567359
6450332
4838562
7412904
8776875
9927852
6790316
7879851
3380415
3726528
6517954
7943364
8699077
3144904
9915604
5139675
5070048
8281314
8172773
7933165
4300013
7443700
7017718
4738294
6771970
9581832
6331661
3888398
5080342
9581855
9581858
6864177
3579187
4762933
4474177
6921539
3487049
6298954
6473038
8105296
4183380
8394071
3810651
4810075
6368605
7269728
9639286
7177590
5932408
8830329
10190201
7001469
9911686
4728206
8291729
5127572
7982484
8410528
2233772
7857581
5129649
5103027
9723317
5647800
5258692
4365768
5887445
7079385
5854683
8463837
4160993
9280993
4009443
10055141
3878376
6581736
6942187
9573872
8193520
5383671
5887479
3429885
5228032
8193539
4054533
6460937
2756110
6147600
5795345
3726865
8388127
4089380
6258225
5996092
9549373
10085951
7267904
8519237
4404810
5887562
9868884
3898966
9870947
2846311
6344321
4638337
5103253
8449690
5064346
9406113
8144551
8388266
4585139
6182591
6987455
9014979
5592780
4656846
8615640
6405852
6055646
6817507
8984293
6287083
9221874
5367542
4769528
6969084
7786252
6137615
7925520
5342999
5953307
9170720
9062178
10063659
7530292
7419701
9236280
9334601
9944913
5347156
4804440
7851889
7305076
9207674
4689788
9203582
6993791
5187454
5891971
3547013
7141258
5281680
5187473
8519575
9852837
10147761
8984499
9832372
5820343
10082247
7221195
3903437
5887962
5920734
6969314
6025187
7749604
6440933
9263080
8413163
8763371
7555068