4697088
4779527
4607499
7006219
6660119
9849367
9925664
7594529
9416236
8726573
7735855
3940915
6391861
7111738
9187389
6265407
7652930
5048387
7251523
4748867
2386499
4619336
7232584
4326476
6636112
7708753
7903830
6992999
7730281
5227114
7399038
7667335
7596167
3840139
6395547
10271910
6491821
10104497
7200442
7293131
6074062
3402450
4881621
6794459
7285984
5747439
3266292
5435130
7605503
5877503
9767684
7914244
8369927
8517903
4647191
5983519
3995937
5600039
7530280
4027714
4112717
7398740
5740885
5984599
5082970
2880871
5624169
9299333
10086789
10233223
6320009
4789131
4721548
2686861
7240075
7402896
7426453
4061081
9941919
4001189
4763054
5096886
7180218
5811645
8081347
6772170
6186956
6105043
7308758
9491424
7116258
9388009
8351731
4832246
7923708