9205773
9547791
9144339
9205781
9308181
8998942
9406499
8730661
8665129
8919082
9543727
8943665
9531442
9410622
9093186
9295947
9273422
8882257
8851547
8851557
9195622
9240685
9238637
9338990
9486458
9437323
8902800
9482386
8894613
8837277
9169056
8904872
8745131
9527472
8927413
8267962
9207995
9496772
9470151
8872136
9386185
9279690
8290505
9208009
9388233
9240782
8888529
8999124
9298150
9253096
8863985
9191681
9474307
9019658
9396490
9441575
9046312
9023788
8982829
9480500
9042233
9163068
9501015
8800605
8890717
9064799
8929635
9462119
9199977
9199979
8964462
8939887
8888691
9308536
8933759
9122175
8989057
9251202
8837509
9070985
8960399
9392530
9492888
8933785
9343392
7438753
8960418
9355704
9456058
9120189
9249217
9433545
9198034
9368024
9054681
9331168
9251301
8987112
8886766
8823284
8901113
9028090
9218553
9179647
8757766
9103880
8196621
9247252
9067030
9253400
8874522
9181724
8847907
8706595
9531941
9542186
8978988
8665645
7817786
9019964
9230919
9493069
9411155
9005659
8837724
9443935
9548384
9445985
8626789
9478760
9155180
9407088
9568887
9554556
9468543
9097855
9210496
9028231
8774280
9017993
9497227
9421460
9497239
6851224
9360032
9292455
9523880
9409193
9556654
9120436
8901307
9077435
9540285
9421503
9216706
8854219
8936143
8956623
9149142
9312986
8882907
9022175
8927974
9317100
9339633
9472753
9255673
8870650
8882942
9077503
9548548
8825615
9333521
9374481
9173783
9456412
9524006
9284395
9108276
9524021
8897336
9474876
9278269
8850244
8772420
9421640
9491276
8762207
8946530
8852329
8864617
9380715
9548650
9491317
9366391
8829815
8756088
9259898
9151356
8866685
9081726
8692608
9071490
9012099
9167750
8844174
8721295
8938385
9280403
9192341
9126806
9051034
8891292
9315233
8903588
9126820
9378738
9120698
9483195
8719292
9337806
8766417
9520085
9081814
8924120
8727513
9532385
9493475
9550821
8960998
9477102
8936430
8950769
9565174
9331706
9380862
8977407
9380863
9292809
9516042
9108497
8872982
9298971
9530400
8872997
9329703
9059371
9360427
8782893
9053240
8873017
8764475
8936508
7840830
9272385
9215049
9002058
9260108
8979545
9247835
9030752
8819809
9221217
9372772
8891498
9479280
9311349
9254005
8856709
9143429
9532551
8840325
8821905
9118870
9282719
9436320
9374881
8791210
9305260
9311405
8850610
9395379
8705204
9139383
9530554
9452730
8778940
8877244
9051335
9331916
9405648
9309393
7613648
8893651
9258195
8955088
9405655
9055453
9024734
8795357
8848607
8819942
9250029
9098480
7613680
9393406
9168127
9254144
9405703
9200934
8840490
8762669
9108785
9098559
8805695
9393480
8854862
8994127
8854864
8858962
8987993
9504090
8766818
8834402
8889704
8867179
9461104
8859003
8996223
9043328
7873927
9502087
9545095
9201034
8914315
8949131
9100686
9110928
8928656
9463186
9117080
9090458
9411995
7574946
9270691
9287079
9127342
8947121
9303475
9448889
9272762
9403835
9356733
9489854
8971711
9463235
8910279
9477585
8844758
9237975
8924633
9352667
9395679
9516512
9518559
9326053
9166310
9233896
8801771
9573867
8185325
9094638
9094636
9268720
8963566
9364978
9410039
9309688
8902140
9219580
8967690
8459787
8594960
8777234
9209365
9408022
8930840
9113114
9180704
8744498
9344570
8959547
9313853
9168448
9322050
9256523
9082446
9219674
9490013
8803940
9184869
9365093
8773223
9301608
8883821
9459312
9543285
9569911
8894072
9117309
8935042
9500293
9451146
9453199
9131669
9221792
9047716
9313970
9039538
9473717
9205431
8924876
8785614
9537233
8922843
7120606
8822500
9359080
9230060
9428716
8861425
9441013
9217783
9486075
8804092
9316091
9133821
9207555
9445124
9357061
8830737
8886039
8783641
8886042
8775466
8720184
9398077
9158464
9240384
8752963
9262917
8789832
8720201
8795981
9062226
8896343
8834904
8695640
9457502
8886113
9209698
8920932
9006951
8728426
9201520
9402224
9328497
8871801
9435006
9435009
9205637
8884108
8957837
9226126
9027469
8939409
9119648
9523104
9310113
8966064
9523134
9498563
9564100
8933318
9140169
9525194
9449418
8933333
9322453
9467868
9107424
9170916
8900585
8828908
9107439
8820720
9011186
8964084
8863736
9172991