6123521
6088195
7856647
6636554
9471499
9806349
7927310
9108496
5382673
6088208
9476629
6787094
8313367
9334807
9844250
9405988
9892902
5292583
8046120
9360427
6194231
4672064
9668673
7791681
7935045
6138953
9284684
6800976
8907871
9873504
7645285
10046056
9012841
9969260
7267950
7814771
6403192
8356985
9611388
9932926
8856703
5175424
6423682
7815811
6956162
6492297
6023306
9555083
8514188
7691406
10062480
7854737
8435858
5630612
7845526
5025431
8951449
7177371
9783453
5374623
7811744
8361122
7125157
8645798
8374440
7594665
6412974
10035891
8473781
7268022
6790327
8127159
7225015
8891574
6370491
9108158
8275647
5590721
8527047
7758536
9688268
9903314
5678294
6974679
7118554
7268059
8848607
8844001
7241954
7375077
6030565
6491879
9428716
5416685
4559598
5716209
9471729
4193009
7416060
9581823
7776000
9627396
6284038
6130444
7581965
7721229
7485713
5888786
6039841
8461094
9635624
5842729
9540393
4758830
8882994
9640755
9298744
6902076
4329798
9440588
9057100
7005005
5702479
5761874
7056723
5682010
9643358
9348959
9098592
8269664
7118690
6439267
9280354
9359206
6881656
8770425
7302522
4229500
7994749
8677758
4957565
8791936
9435010
7514501
6081414
8458632
9197452
9616269
5561230
6266764
5256084
9126814
4918689
8011682
9468323
9313185
9633704
7538600
6745514
8213933
7394222
8754605
9606579
7525302
8081334
7994296
9489854
7137726
7154624
8933317
7495110
5425605
6326730
9617869
8766420
8837589
8837593
7886811
6598619
6195165
10037213
6193119
6611425
9732068
9294309
9251301
8785895
9715685
8704998
4160997
7177188
8828908
7029741
9477102
8784878
7314931
9574904
7275001
8046074
7930367