8018944
2144768
6868994
5870086
4255751
11063816
6878729
6024199
7649291
7275020
5537800
7260173
4174863
5719057
6347794
7430162
7518235
3866656
6908964
8550949
5717028
3889700
7481390
3483694
5903407
4416052
4352055
4330553
3984441
3788350
6195265
4522562
5665859
3002948
7005761
6675526
10958407
8764488
6528067
7836234
4017227
8544331
3422286
5460048
5460049
4493392
5552726
3045463
6908505
2935390
4029023
9548384
5890144
3078751
5686883
5428836
5339238
5218407
3913832
5857897
3672681
6726765
7456884
3660406
7099000
3183226
3447931
7539836
5758587
3742334
6220927
6989437
7745153
7758977
7339141
4436102
3894920
3777673
2525845
7156375
4370584
2494616
2151069
3334814
5279905
6215330
5394595
4319399
4029608
4115625
7829678
11024046
3423412
6847157
6820536
4349631
6344389
6688454
10870473
4184784
3780305
8699602
5902547
5371603
5776089
4318429
5832413
6434022
4280551
7082218
7779563
9230060
4215530
8379626
8785646
6382839
8318202
5655292
4265725
3409150
6678781
3132672
6246657
8152834
3362560
6646524
7981326
5598991
4717328
7989009
4072722
4589842
8172304
8893203
5881103
6290711
4380440
6004505
3991323
4732188
7004957
3676955
5548834
4975394
10839845
5068584
7875881
4048172
4030253
2748718
10850607
2648877
6198067
8569140
2390848
5324609
7851842
3182403
6664004
7406917
4075342
5413198
4983635
5104469
5270359
4458841
3554651
3605341
8154462
6328158
2775905
7493988
5390693
6509414
7090024
4838249
7994216
4034409
7913329
4175730
10980722
3258233
6200185
2995581
7057279
7002496
9435010
6667657
3539852
8315277
3407245
3877773
3147157
6699415
4936600
3965851
3701149
3520927
4990879
3502502
5266856
6016936
4332461
6854061
4274095
6697392
4473263
7194032
3791281
4869560
7395771
4810172
5030332
6350268
3324921
3775427
3510214
6136263
3893192
5596109
3869649
6389716
7838677
6197719
3842522
4190683
6585311
8615904
6457314
7272423
8459240
4530666
2561002
7563756
4477935
3869681
3511796
7038454
3492343
7275001
2993660
5447679