4518303
6605430
4349655
3757724
4440210
4677978
4013760
6867362
4110030
3341664
3318966
4184309
4100438
5488789
6386687
4488375
8018239
6391069
3563343
6602040
5035136
4453230
3445793
4374765
4596689
4180802
6452252
4481615
4063192
4752279
3932884
3641991
4517759
4398371
4083384
4020344
8004564
6941659
3989121
5090046
6193478
3604176
6671286
6248461
3555187
5902580
3559645
4392315
5784409
6343346
3450920
6672420
5248972
6969196
3038732
6198024
5448462
4891339
4179768
4814112
6219793
4907691
4547715
5856609
3594719
4727390
4798890
6622391
4376626
2937159
5542610
2686646
5362273
5036427
4987843
6303343
4651739
4409560
5606848
3366349
6618531
4806219
1544246
4736501
4350407
3172893
5637313
4339453
6014584
4821638
6596577
5532453
4855588
5364459
4768083
4811776
5390760
5573389
4884312
6325533
6618000
3044650
6582978
3272038
4441475
3792742
4437864
4889369
6204485
4611149
4735713
5573371
6275484
6232114
6099874
4655939
5575101
5612361
5678290
5629813
5365383
5626656
3627747
3057652
5079121
5360759
6298770
5709509
5633146
5490677
5802347
5314125
5091687
5724764
5044873
6866474
4714851
5015787
5087325
5752112
5214625
6744888
4863058
5315053
6308383
6132286
5441722
5920786
5601217
6094096
6346304
5887920
6277741
7147578
4958902
5387158
4074236
5170594
5935486
6397754
3288533
5673235
5226830
6867148
6596755
6969350
5358094
5325294
5416709
4981636
5490683
5764781
6351166
5555750
5779860
6363360
6656647
5745144
5582983
6981017
6001642
5546402
5701119
7199886
6867016
5883322
5662289
5771263
6336816
6024199
6940023
6594217
7657455
6077696
6331309
5930150
5742644
6797706
5349849
5640427
5662181
6445999
5664981
6123525
5845128
5324975
5715758
5559764
6621137
5660669
6633365
5413179
5562789
5858977
5696088
4801480
6001266
6871755
5722195
6091917
6327084
6311671
5683652
7814217
6715348
5996851
6731646
3665907
4715517
4117363
5536834
5583606
6693920
5612994
6547047
6402773
5842882
6350035
6072018
6209378
5555826
6523437
7136019
6147600
4626376
5819480
4782795
5716095
4791048
5836273
5962628
4369640
5995633
4337612
1630684
5878683
5139672
4766063
5063462
5903366
7104008
5928403
4801482
4927039
6196546
6395063
6401275
6398995
4033222
6156510
6045974
6869072
5630612
3358772
3850042
6415955
4777671
6590485
6326731
4041518
7116896
6661168
2722273
6711666
4057938
6450666
3174820
4913558
3328791
4738700
4408229
4792861
4517228
5798349
7485526
7660497
5612991
6002242
4121087
4927261
5797691
4938209
6866579
3857551
4272620
3756836
3931501
4519303
3825257
4780672
6777552
4386762
2962759
4758822
6871378
6974031
3114404
4791053
3759540
5503240
6783415
6736972
6596197
6286354
4900910
7187239
5963821
2742320
4667066
4658414
4526228
4988665
4141798
4791192
5531216
6425494
4677979
4689788
4791058
4791375
4087104
4981639
5836278
4791055
4737127
5293144
3724347
4019564
4782781
4432665
5320411
4801486
4945436
5373136
6325254
6238228
6596903
4437663
4627782
6867310
6007366
5768588
4975996
5740544
6007391
4961028
5596056
6699247
7138514
5081577
5619738
6590140
5114280
5635486
4775464
5303674
6906514
5403860
4111963
5098630
5895040
6232084
7049308
6622343
5807241
6852129
6656543
7087408
4476709
5605489
6456260
6865757
5815845
2241626
6289578
5705718
5736665
4685756
6440741
5576360
7147596
4914983
4598819
6664004
6324538
6319771
6382927
5699066
5624616
5081632
5562307
7268020
5780427
5728990
6597644
4473718
8094347
4370842
5607552
6302142
6831914
6707151
7369317
5335674
7155040
7500182
6050588
4801488
6698144
6175904
7239670
3606888
6629544
6545537
6917024
7079225
6514367
7499173
7304967
5382676
7786220
5147411
7304510
5662713
6828953
5856411
4822449
9552935
6138828
5387999
5073034
5404760
6553686
7013339
7132905
7268076
5928412
7268065
7306428
7093320
6214650
6858375
10635736
7132949
6889284
7116777
6934551
7755074
4065230
7289516
6938803
6326885
7959580
6933911
7299797
8340982
7414084
7856658
7275068
6999854
7394318
6452253
7881523
7244377
5584432
7448163
7689031
8100920
7057287
8491477
7785957
9014741
7075880
7784207
5544310
6854455
8558818
8095000
6570819
6458356
7567863
6970153
7422831
7955800
8380727
6275218
7426775
8404399
7416051
9262419
7836234
7746820
7684294
7443705
7314406
6345382
7959560
8005222
6989007
7578048
6892816
8319138
9356537
6735257
8236041
7582181
8184595
7509458
7562935
5801068
7913329
6779482
6137310
7716432
7779371
8841593
7749349
7772099
6870398
8242963
7871372
6053327
9546442
6969304
7685507
7994230
5489145
6872737
6079030
7699640
7784967
8555699
6560030
6344321
4220024
8445051
7467684
4938540
7978137
7884991
3123671
7264643
7836232
7529977
7753056
7013351
3726147
6772049
9921236
8870154
5858994
7548695
8686688
8397789
8482864
9248318
9045605
8220377
3404618
4756124
6802281
5469300
8658499
9544037
7903062
7657386
4968823
5388584
6113901
7165424
7785240
7610376
4420880
9387758
7903157
9838701
10947342
9963918
6787009
9585924
6123516
8276832
8711249
6934050
8892163
5655021
8844140
9195154
7676306
3593799
8770773
8233416
7891236
10129386
8253566
9758146
10147761
10110444
6783266
10985675
8559501
6732821
8885896
9491297
6865408
8844000
7419696
4224976
10839294
4631142
7035952
10517500
10562562
10619416
9873760
7308087
6169727
8896555
9203582
9226020
10152057
10592111
8349850
10524951
8960876
11031497
4476709
4932120
5532453
4932120
4639783
4476709
4932120
5532453
4932120
3222858
9117315
7363886
6053327
2908235
6019054
9398543
8483284
10031743
9976988
11025653
7612846
6949134
4277279
6102316
5585190
6423472
5300207
5322045
6411911
10406232
6871915
7004964
6007597
6202569
7870663
6180668
5054394
6866323
6891136
7892835
5607140
4911040
8318377
5508012
6847532
6549695
6866920
5520049
5548820
6200838
6989001
11400648
6102316
5458514
6255193
6249374
6127030
6033386
3742373
5968505
6318466
7242510
8975992
6138041
7162658
5730501
4409560
5794066
6821801
6284029
6618000
5858598
5957527
7165419
6077743
6220300
6325562
7057923
6179575
5973829
6450930
6003322
7377905
7804936
6289638
9307648
6786620
7008231
6416305
6476884
6848107
6620165
7935036
6901470
4958897
6599188
8318202
6656430
7080706
6854457
6854457
7435249
7235961
7573534
6548807
7844251
6707786
6811627
7117996
7108869
8933333
8169103
10619418
9496919
7441365
6989525
7291849
7928384
9582022
7528067
7262007
7018765
8356980
7116113
7836236
7745152
7010285
7836234
11109253
8496191
7752702
7882172
9890457
7502732
8193540
7387352
8241439
7259775
8450202
8642429
8035200
7660506
8607164
9629470
8064646
8717427
8421705
8793680
8043411
10570710
8355471
8127153
8617054
9949508
10567923
8107785
7946436
9448776
8564184
6463125
8127141
8726725
9374881
8452307
8967383
9227740
8085134
6393192
8018769
10593892
7882164
10833064
8777301
8764488
10358993
9131432
10199409
10285498
10689236
9343891
9290551
9653334
9464015
9453235
9878442
11315456
8802926
10593892
8675057
10502652
8157931
9122316
10316165
9308012
10255005
10238089
9491346
9454014
10502056
8673758
10515793
9163992
9887674
8849085
8844166
10944176
10348401
8823284
10176058
8371264
9976988
8356807
10183747
10112277
11008503
10990450
10032360
9135621
10894191
8972312
11007364
8970978
11308352
10168694
9445919
10458690
8933484
10684270
10827088
8529395
9633765
11336170
8389475
8386837
11160578
8448350
9564100
10517336
10060440
9555860
10637045
8342928
8759596
9926276
10068271
9729227
11097276
10690868
8741165
10510564
11039644
10709616
9901282
10732416
10040442
10089091
11078806
9949505
10723387
10350198
10476641
10332630
9688713
10613217
10199409
9681218
10624906
10656574
10318245
11345703
10641579
10839851
11067012
10622115
11345634
11044108
5139675
5139675
5139675
5324609
5243799
5764159
5764159
5764159
5764159
5764159
5764159
5629813
5678290
5554511
5660240
5836278
5865215
5993179
6121147
6123524
6037859
6126922
6137311
6140531
6289578
6334893
6411970
6841656
6520291
6460937
6460937
6618324
6618324
6618324
7610393
7029692
6677088
6732758
6825125
6879500
6984812
7031290
7080706
7270054
7270054
7170652
7375075
7235384
7260676
7328031
9910278
8496914
7505665
7547734
7547734
7547734
7547734
7547734
7547734
7547734
7591251
7846271
7836238
7705248
7732671
7733653
7889496
7770227
7884031
8844177
7859438
8209146
7927288
7927288
7927288
7917298
7979787
7979787
7979787
7969530
8119872
7990503
8039548
8104963
8113515
8134957
8134957
8455489
8271095
8185020
8196251
8223068
9285048
8319462
9388403
8443248
8519880
8413346
8564426
8596983
8720183
8533078
8639327
8641953
8568971
8634076
8764489
8764489
8764489
8597975
8784820
8669024
8667474
9154289
8699238
8699238
8740757
8766722
8936619
9476615
9433849
8812884
8812884
8857499
9837608
8891708
8894325
8921471
8927597
8933824
8937216
9189080
9458571
9248306
9248310
9139798
9148994
9191656
9202476
9217130
9261172
9314404
9356152
9391365
9616728
9420128
9446009
9508096
9514847
9653326
10152057
9925569
9878579
10014671
10014671
10014671
10014671
10028637
9839680
10036877
9873600
9882176
9908014
10119257
9997128
10011534
10151183
10171506
10198449
10203811
10119184
10113806
10165683
10198704
10205072
10318340
10349117
10349117
10439709
10615837
10597625
10850731
10614966
10681641
10616304
10638510
10634720
10791126
10801229
10762147
10818203
10777776
10831202
5103253
