6868994
6170627
6989828
10956805
4255751
5537800
7649291
8413196
7260173
8548369
7430162
4587539
6934551
6043673
7518235
7424029
3866656
7772193
10997795
3483694
7481390
5376052
4352055
6332472
4565057
6195265
8544331
3422286
5460048
5460049
4493392
3045463
5890144
6400097
5767266
4044900
5339238
5218407
3913832
7237737
3260530
7456884
5275766
3395705
3498108
5267588
4436102
3682439
4493461
2494616
4370584
5279905
5394595
8196262
4319399
5136555
3668141
7829678
8753344
3381445
3758284
5902547
4053214
4280551
7082218
3688684
6625518
6699247
6678781
6246657
8716545
7643395
3404037
3744007
4477191
7981326
7313681
4589842
7721236
8573207
7375128
7416090
2820380
2748718
10850607
3590451
8569140
6209854
5562686
8397119
5413198
5984595
3948885
4458841
5067102
7493988
5390693
5744997
6930796
3262831
3705201
3236212
3127678
5390719
7002496
8315277
4749714
7817621
3977621
6699415
5693847
3365275
3701149
3520927
5829027
3502502
4473263
6697392
3791281
4927925
7395771
5030332
7029184
3373504
6136263
5478859
8163792
6197719
6939096
3842522
4190683
4696540
3015134
8174049
4729319
4530666
7563756
2736621
5655021
3492343
7275001
2144768
5870086
11063816
7275020
4452897
10936866
3889700
8550949
10961455
4416052
6472252
4522562
3002948
7836234
5962315
5552726
6908505
8000089
2935390
4029023
3078751
5857897
3672681
5216875
4940400
8612467
3660406
7099000
3183226
3742334
2525845
7156375
10914455
2151069
3334814
11016874
4240043
5008046
6847157
6820536
8862392
4274875
11000510
5511877
7381702
4211402
4184784
5776089
3549920
4215530
3930859
5487342
5993203
5655292
6646524
7082749
7469830
5120778
6490893
8172304
4717328
8893203
10853141
3676955
7004957
5548834
4975394
6066986
2648877
6198067
2390848
11014977
7527240
4913992
3980106
8379217
4983635
5104469
5270359
3605341
2775905
6509414
7994216
4838249
3660659
6200185
6067073
3539852
3877773
6753164
3140495
3902357
4141974
4936600
3965851
5225377
10877862
4332461
5944238
6847411
4309950
3775427
4860869
5596109
8082384
3869649
6908882
8254416
7838677
7052248
4525020
6585311
4754402
8459240
2561002
4477935
3869681
4881397
3324921
3830782
8018944
6024199
4480007
4889611
4174863
5719057
6347794
11039764
3808277
4316185
11035677
4148258
5717028
6908964
5540901
10945575
5037100
4856878
5903407
10968112
5102642
4330553
3984441
5102650
5665859
6528067
6675526
8764488
4017227
3818578
10968155
10984539
6485093
6726765
4107374
8035440
7294069
3447931
7539836
6220927
7758977
7339141
2991239
3777673
7103632
5772436
5215384
6175904
3349667
4029608
4115625
3423412
4082872
4596928
6937793
8752324
7943366
6706374
7058635
10982609
4697303
8090840
5919964
4318429
4271330
6434022
8379626
7779563
7933165
3675382
6382839
8318202
6538491
3409150
3132672
3777795
5881103
4072722
4635922
6290711
5348631
4732188
7341340
10839335
7875881
4048172
5408054
7363900
11033924
7406917
4543815
8766797
3315027
3554651
8459611
8154462
5447013
10917226
3538283
3272045
5473647
3251569
10980722
5094780
2995581
7306625
6585730
6667657
3407245
5766543
8062355
3147157
10995093
8228257
7499173
4410791
5266856
6854061
7194032
7890357
4869560
4810172
6350268
6895037
10907080
6086096
4007379
4183523
4117995
8551919
3511796
4959733
7038454
2993660
8166909
10917383
6878729
5139983
5557775
3948047
7489040
7202324
2577944
5701148
3896871
3872298
3814958
8517178
10937914
3788350
7005761
4382275
3591747
4755012
10958407
4214356
7773781
8050264
8502874
8552029
2569821
5686883
5428836
3061355
3815020
7267960
5758587
6899324
6989437
7745153
8015493
3894920
3899022
7007888
6051473
6215330
3905188
8791726
8228527
11024046
4585139
3958452
7268023
7200443
4349631
5748416
3116739
6344389
6688454
10870473
3780305
8699602
5371603
7415508
5349082
6405852
5832413
5371620
8785646
10858222
6491890
5963507
8287987
5996277
8785660
4265725
3362560
8152834
10999557
8861450
7374605
5598991
7989009
7347986
4380440
6004505
6252312
3991323
4366107
10839845
5068584
3569450
3614508
4030253
5904188
3721022
5324609
7851842
3182403
6664004
11011908
4075342
3338067
7061333
6328158
5101412
7090024
4034409
3164011
3319663
7913329
4175730
4431729
3719031
3258233
7057279
5427072
5891971
4061064
5281680
7696273
7059347
11069337
4990879
8386467
10854308
7264165
6016936
4274095
6731699
10964920
6668217
5953467
5459904
1824707
3510214
3893192
11026377
6819787
10917835
6389716
8869855
8615904
6457314
7272423
7657454
10844152
6881273
5447679